TILEMAP
145 42 							-- Size of tile map in tiles
16 16 							-- Tile size & block size
images/levels/lvl1/16x16tiles.png 	-- Tilesheet
8 8 								-- Number of tiles in tilesheet
                                                                                                                                                 
                                                                                                                                                 
                                                                                                                                                 
                                                                1                                                                                
                                                                1                                                                                
 1                                                              1                                                                                
 1                                                              1                                                                                
 1                                                              1                                                                                
 1                                                              1                                                                                
 11                                                            11                                                                                
 11                                                            11                                                                                
                                                               11                                                                                
                                                                1                                                                                
                                                                1                                                                                
                 789999999999999999999999999999781              1                                                                                
                 56                            561              1                                                                                
                 9                              91              1                                                                                
                 9                              91              1                                                                                
                19                               11             1                                                                                
                19                               78             1                                                                                
                19                               56             1                                                                                
                19                               78                                                                                              
                178789      97878                56                                                                                              
                15656        5656            78787899                                                                                            
                17878        7878            56565699                                                                                            
                15656        5656            78787899                                                                                            
 34343434343434317878        7878            56565699      111111<<<<                                                                <<<<<<<<<<<<
 56565656565656515656        5656787878787878787878783434343434312221<<<<<<<<<<<<<<<<<<<<<<<<<<<<<<<<<<<<<<<<<<<<<<<<<<<<<<<<<<<<<<<<122222212222
                                                                                                                                                 
                                                                                                                                                 
                                                                                                                                                 
                                                                                                                                                 
                                                                                                                                                 
                                                                                                                                                 
                                                                                                                                                 
                                                                                                                                                 
                                                                                                                                                 
                                                                                                                                                 
                                                                                                                                                 
                                                                                                                                                 
                                                                                                                                                 
                                                                                                                                                 